513.18 4071.18  -9 -10 086A
590.15 4024.85   3  -5 087A
561.79 4062.77  10 -32 DATC
523.79 4136.19  -5  19 DIDI
620.29 4119.51   0  -4 MUG1
547.63 4094.45   7 153 YALI(*)
522.85 4095.69  -9  25 TGRT(*)
531.00 4100.56 -39 100 ORTA(*)
528.66 4107.56 -25  65 TRKB(*)
497.66 4178.91  -9   1 SAM0
435.86 4162.28  -5  -1 IKAR
496.59 4090.70  -7  -1 KALY
607.18 4029.23  -1 -11 ROD0
442.12 4044.61  -2  -1 ASTY
497.88 4089.97  -3   0 KALY
510.91 3926.34   0  -4 KRP1
474.06 4182.86  -4   1 SAM0
554.98 4110.44  23  69 MUMC(*)
585.92 4070.08   6  -2 MARM(*)
650.10 4093.85  12   6 KYCZ(*)
535.19 4059.69 -20 -50 KNID(*)
574.18 4117.00   2  28 CAMK(*)
535.67 4097.06 -38 160 BODR(*)
689.90 4055.51  -1   2 FETH(*)
445.14 4239.71   0   1 CESM(*)
583.18 3986.66   2  -6 ROD2(*)
507.14 4249.62   1   1 IZMI(*)
573.72 4188.47   2   4 AYD1(*)
